
state={
	id=129
	name="STATE_129"
	provinces={
		495 550 676 724 877 1288 2367 3162 3305 3559 3915 4260 4399 4547 5250 5419 5582 6061 6784 7131 7178 7339 7349 7535 7638 7835 7838 7940 7947 8106 8726 9153 9254 9607 9829 9962 10037 10401 10614 11026 11084 11117 11186 13634 13649 13665 13675 13677 13725 13747 13748 13750 13784 13794 13803 13831 13839 13846 13861 13871 13883 13904 13924 13925 13960 13979 14020 14021 14042 14046 14084 14093 
	}
	manpower=0
	buildings_max_level_factor=1.000
	local_supplies=0.000
}
