
state={
	id=77
	name="STATE_77"
	provinces={
		551 1073 1181 1440 1511 1971 3153 3470 3901 4259 4797 4867 4907 5017 5199 5396 5433 5517 6667 6804 6956 7085 7114 7513 7557 7886 8044 8498 8606 8951 9006 9184 9591 9699 9717 10058 10281 10522 10900 14426 14442 14457 14468 14477 14481 14495 14498 14520 14546 14554 14564 14573 14576 14581 14607 14608 14613 14614 14619 14625 14637 14648 14651 14652 14679 14719 14729 14732 14743 14765 19193 19195 
	}
	manpower=0
	buildings_max_level_factor=1.000
	local_supplies=0.000
}
